148803925
131347928
56339896
176731581
161458896
118281790
37468142
5204861
115453610
147982904
148676118
147982629
137971241
118281078
176733663
176734572
114929888
176825442
96113354
118326573
171611514
145379503
145381828
145377681
116811645
145376302
145373321
145376539
171254195
90111084
153260165
107125518
76242660
145379826
145379930
31979656
138674792
84482599
75325713
42688299
119407756
128568925
145379478
179555407
103773704
184410532
74389409
516775
118281790
161461379
155833201
118423483
171056532
44888793
184410540
145798404
171054161
68887313
72781578
8211860
144803551
8211854
3136591
82766644
76242660
70118626
21489028
8211858
138674792
7412545
44574079
749383
65461111
2645373
8211864
142009481
144803551
75330574
118420932
43177217
113109852
74044679
2293213
749389
97066811
2290947
47145894
153472449
1416813
228966
2290821
147982654
59080455
14016433
7412327
8211874
118281790
749393
161730382
19261133
16048980
32034898
541153
2155943
28913854
2290803
3136583
7415095
161952601
34080861
26169810
2293331
74866333
47817366
171144866
32154901
145381986
2290931
417944
176892856
3942419
142094796
142124479
127794590
52873197
161952601
48602394
82937056
2595313
815358
115946319
169072235
52260835
121341596
2293353
101901280
112995150
2293325
29355666
157565731
20860696
155279935
99144936
54547652
108712489
144754811
2293351
75666178
174849618
174849703
153258155
101360431
23297583
68349420
2499575
57645898
30704605
31022867
51962768
138222556
105657632
174849652
11415356
115852403
142112694
153257632
96304454
148585942
142813077
14807853
2132409
20325862
2293281
49994410
165665648
144098166
68423760
152781233
155125676
32225643
162166116
68585413
43801670
48755805
142809605
51260183
2245289
179121736
54977716
15254445
77035265
168183407
140474055
159027063
99144933
43184604
110779252
119259708
176149732
122356531
50370623
125097231
67845285
105362721
148715415
130776903
153817612
138116222
143891054
101901274
181711962
75982341
31030083
131126082
85083586
148589179
65083452
31518934
99167161
110944419
21495761
48317868
117405254
17963612
116780806
10184460
114269233
120755765
174566726
110874837
105798511
172831202
130022354
136602238
119245055
147575562
163842714
99053944
179551937
130623686
111390021
169298657
146034395
153258818
72294528
142833064
39950697
73668556
129348855
422661
87045285
14977758
145383806
176424015
12225656
153258957
156934670
68083146
174442320
76207044
137484360
316820
72028382
9944322
134404134
34544314
168192632
5136705
55287879
12225641
153259478
96615169
175195455
32214967
23297090
171289474
166529575
49119439
14953136
101360374
74943201
12300836
20859705
165670675
2045021
15415657
98870092
104153835
98532867
170917012
155314329
171238994
171220327
43346040
142066372
13724578
52873179
77203617
143361250
160931198
4137277
14966490
138114473
34968823
2045031
98870917
25984584
98298818
179556189
155063638
76747809
142100437
111062938
39963185
173733246
105529349
96615555
100144180
77721858
29918326
163027487
2613115
160598424
131532711
17963850
51406125
15584755
33098916
146596994
125053152
32157092
130621615
147853977
158494247
164248013
182967289
32405736
38407246
157268300
177663765
141773474
13360904
110779838
172368555
141803066
75666180
155371143
107960982
177661999
103966694
157305893
32222912
143944207
145238791
141803233
31648298
170506494
157522017
171862476
75664423
130782043
169715009
22980536
8308460
51962863
98174265
173682241
125506956
19701961
88956895
146513186
51365645
2754317
81287928
17966150
87045140
31648838
165035320
119369098
2564515
110435946
109252339
152341909
179715358
173461671
73570171
127154531
168073867
105659367
164248503
73985943
122358538
158217
30993828
30990624
10401341
16313962
158243
48591266
96575266
178000728
91985599
174918956
104397242
32158456
96609893
89279009
490362
52849440
171822047
6734531
169380414
2290955
15303374
131126031
166529284
169311741
145378627
166527209
145383275
166525345
11792143
149246017
175814898
151828247
173564072
178505025
174532054
125053332
99144932
31519308
158316
145374244
450625
149673779
175815388
122166383
130023360
170289098
143943941
14019746
143945462
98048712
145239752
22854898
109314502
17966053
5557427
171224354
171237297
171221523
41228337
171126391
85094010
185242019
134354100
131125755
153046026
75663731
145381661
145376108
99157303
109314456
106139108
117665805
135528974
109314644
139798268
130623521
82225530
13360984
131126258
146699280
127448761
59237983
82390397
124974386
141774700
117531111
141773819
173291687
141358380
120824817
139420959
90328962
125053205
142387745
81455670
51401740
119079391
109314742
19246944
126481
143944750
2632421
166247836
157588964
97906794
41084642
145380685
174849695
174849630
25618512
168513927
164248262
96586061
98923249
1007703
83938569
129730595
100906410
2499773
158321
36579872
3337855
15523882
167145815
166529168
145384532
166525672
145382848
171291351
177328260
74543595
519840
8308462
89639987
109314827
87648914
145239664
141773170
124413800
96575203
122201458
32149216
141355794
51402134
124431548
22038392
145382915
105087856
170068606
51409569
12226110
993367
160779400
141621386
86145408
144911802
142115658
149610512
135221627
922977
12225647
518602
148955051
46361282
51715212
12226112
153259237
559913
48012133
15303380
47322661
138153339
138385472
6711851
138724841
139930135
6706779
140399842
144663983
154981856
149634036
38399593
140148461
43751925
156060699
156044653
154973036
154981701
149627373
162563031
149626475
154947317
156031911
158235
2290763
35778366
77684458
98106586
39305497
162257845
57982579
117587241
112192994
99144992
158332
137255678
70597199
36163384
20614056
100907838
15245482
131125796
815356
815360
131126251
815364
179114603
18011019
119645601
176779706
131126034
142522994
108395601
107961280
141774021
87679288
143890339
150546621
50401347
92952365
107961171
164066939
100940916
117890400
138114742
159782960
138115011
107961367
134354708
145171475
172811118
131125800
176249170
77685697
141802506
167509395
57507167
99166151
137986922
109314511
138116978
131126262
129257044
150249898
172341381
175719886
141801098
167509475
107005408
180399621
167144668
90087362
117404871
138483877
141773156
97922655
92950715
138116989
125053221
99166096
109314213
126989479
76739327
117585941
101171736
101162561
183741019
176119685
141802616
143944296
129141192
117402325
107005395
185946091
178734388
180308531
2632427
177843475
120262844
176806651
96394841
133857748
97772152
182110610
176299747
125053107
164248418
173652820
173788699
170957563
130023292
102758283
139717127
152555628
125053162
173216957
151816947
174849620
174849726
164247949
85752061
12216316
74543605
169206799
152055908
114903877
174849629
51406095
123543188
48179216
179773185
176127536
68585784
18010915
181462653
73301168
20646275
184037460
171677097
99669170
178723469
51405572
176767090
98108833
49641982
169859192
182110255
81287976
100272558
119758918
160263478
17963698
176788205
147671846
167607488
82245601
166527688
81287982
143945106
55287104
173977902
81287916
151817073
81287539
129285321
111969452
2632417
182094708
95716879
51367783
100478490
167143411
125053173
167143553
176765816
176587633
164495147
99536143
111067394
131126087
51400729
177945642
179563101
168522726
160876421
174165789
167145921
145380429
145374784
166525722
149707307
145380049
171580254
176892818
171042087
145378160
88761191
151816671
145382592
185547472
184310900
35869374
98533965
170095054
179545955
166525425
175814890
171666181
180947919
173768009
174054666
166529182
166527698
166526982
185966337
176071843
179554777
179773289
181976610
166525267
175815246
165035809
179772719
525655
104397345
117155221
184071771
97353985
37332199
31243489
110779213
182110608
180255149
98874291
138115315
164302125
151817539
132080466
164248747
126985932
13360978
5084863
143891056
20711959
114102346
172493433
179998873
173833365
173695216
171968785
176613533
183900929
138384125
181746057
96321097
114269861
130022399
170277500
89823355
185754881
151817334
135270619
90460087
135523654
157497148
119357586
130536747
32156193
32157678
151817278
99168350
166409982
141774091
160428091
103419205
145381256
170143057
179425861
20614012
141806633
95556929
141806693
103967617
145379435
137010617
131126134
145379642
90148568
182785933
152329963
173221583
5084687
5084463
109314786
119929997
141042316
166329427
111367905
135754741
125053234
131126166
81505526
176228417
101162555
134227216
173303386
20671633
145238633
114671804
145239326
143944922
141801075
185547483
42818024
111385325
62365149
111757424
55215446
160598402
176614070
178736174
179547217
139798483
41335392
174849614
182478943
109314572
172332156
181462712
143944232
21435211
179772715
176182919
157588750
99164682
174849637
93648057
181914518
141801003
169655778
186215865
19701970
125053076
122941274
109403070
173858293
176476650
184945022
87726542
120409667
104353756
177831935
91850876
176100916
158597955
167145549
125053174
36278649
185710801
169028925
179215177
162349692
167143494
51401450
124243649
92613189
81287481
175416821
160094003
101218262
81287544
143889997
176148173
81287934
81287484
178005400
185445204
98131801
99652728
173057590
180219939
96627641
125053335
171219928
125053168
177832856
173763222
125053131
177539081
179114607
167857203
141355293
173039780
95554176
46369218
131126129
51375192
105930231
98530087
145381867
145381135
162516091
145380385
174271401
145381051
145374695
162515946
145382230
164247850
172115333
177200649
145381892
145373846
164920944
145383235
178012018
145379280
138538441
175838602
145375612
145379352
145378966
145373782
168281802
110303958
178255853
185547500
155356881
175814982
171671025
166527885
171670576
175814834
175815177
175814658
185547479
35751774
180567390
180567889
98247096
166369927
114832767
123932547
180894232
104397058
155357319
2290915